Antp	12
0.565 0.17 0.384 0.21 0.741 0.987 0.386 0.682 0.649 0.948 0.517 0.757
Deaf1	12
0.159 0.511 1.34 1.301 0.857 0.43 0.556 0.458 0.526 0.626 0.284 0.661
Dfd	5
0.622 0.65 1.135 0.498 1.089
Kr	10
0.242 0.385 0.943 0.814 1.028 1.552 0.416 0.894 1.135 0.353
Mad	11
1.118 0.539 1.13 0.383 0.355 1.364 0.148 0.619 0.478 1.129 0.498
Trl	12
0.461 0.674 1.047 0.165 0.392 0.392 0.791 0.525 1.016 0.438 0.844 0.268
Ubx	12
0.318 0.732 0.592 0.593 0.281 0.29 0.262 0.419 0.729 0.384 0.431 0.19
abd-A	6
0.549 0.356 0.904 1.052 0.575 0.643
ap	7
0.307 0.692 0.726 0.182 0.628 1.108 1.11
bcd	7
0.453 1.526 0.663 1.135 0.63 0.567 0.182
br-Z1	9
1.025 0.489 1.052 0.588 0.099 0.287 0.248 0.138 0.761
br-Z2	7
0.637 0.709 0.498 0.628 0.205 0.317 1.086
br-Z3	10
0.14 0.219 0.643 0.425 0.817 0.94 0.272 1.021 0.176 0.43
brk	8
0.376 0.687 0.531 1.436 0.868 1.526 0.411 0.782
cad	8
0.809 0.874 0.701 0.438 0.919 0.871 0.791 0.492
dl	10
0.2 0.973 0.38 0.576 0.268 1.156 1.156 0.728 0.709 0.593
en	7
1.11 0.802 0.951 0.12 0.59 0.179 0.186
eve	7
0.318 0.747 0.987 1.011 0.109 0.699 0.419
hb	9
0.262 0.089 0.126 1.156 1.135 0.898 0.876 1.156 0.165
kni	6
0.806 0.331 0.396 1.156 1.025 0.955
ovo	11
1.161 0.234 1.502 1.021 0.733 0.714 0.795 0.341 0.351 0.142 0.267
pan	7
0.433 0.954 1.042 0.754 0.402 0.341 1.135
prd	6
0.549 0.726 1.062 0.724 0.513 1.191
slbo	8
0.453 0.605 0.721 0.209 0.474 0.44 1.11 0.647
tin	10
0.34 0.844 0.736 0.909 1.086 0.98 1.449 0.69 1.29 0.757
tll	10
0.415 0.487 0.72 0.581 0.424 0.979 0.494 0.287 0.779 0.417
twi	9
0.336 0.595 1.476 1.037 0.556 0.749 1.064 0.977 0.382
vvl	8
0.457 0.351 0.599 0.492 0.447 1.135 0.902 0.139
z	6
0.282 1.474 0.93 1.455 0.346 1.029
zen	11
0.401 0.921 0.293 1.025 0.973 1.043 0.208 0.252 0.114 0.624 0.485
