width of the matrix in file "./Matrices/bcd2": 8
     A        C        G        T  
-9.9e-03     0.46     0.21    -0.76
   -0.56     0.66    -1.36     0.26
   -2.22    -2.22    -4.62     1.15
    1.20    -4.62    -4.62    -4.62
    1.20    -4.62    -4.62    -4.62
   -4.62    -4.62    -1.57     1.16
   -4.62     1.60    -4.62    -4.62
   -2.58     1.45    -2.22    -1.08

width of the matrix in file "./Matrices/Kr2": 10
     A        C        G        T  
   -1.18     0.61    -1.84     0.53
    1.14    -1.85    -4.62    -2.23
    0.97 -1.1e-16    -4.62    -4.62
   -4.62     1.58    -2.82    -3.15
   -3.15     1.58    -4.62    -3.15
   -4.62     1.60    -4.62    -4.62
   -1.95    -0.59    -1.84     1.00
   -4.62    -2.82    -4.62     1.19
   -3.15    -0.16    -2.82     0.99
   -0.31     1.01    -0.90    -0.68

width of the matrix in file "./Matrices/hb2": 9
     A        C        G        T  
   -0.57    -1.85     1.34    -2.23
   -4.62    -2.82    -4.62     1.19
   -4.62    -4.62    -2.82     1.19
   -4.62    -4.62    -4.62     1.20
   -4.62    -4.62    -4.62     1.20
   -4.62    -2.82    -4.62     1.19
   -4.62    -4.62    -4.62     1.20
    1.16    -2.82    -2.82    -2.58
   -1.08    -0.22     0.26     0.47

width of the matrix in file "./Matrices/prd2": 11
     A        C        G        T  
   -1.75    -2.23    -1.58     1.08
    1.11    -4.62    -0.90    -4.62
    1.19    -4.62    -2.82    -4.62
   -4.62    -4.62    -4.62     1.20
   -3.15     0.69    -1.57     0.60
    0.41    -2.83     0.92    -2.23
    0.70    -0.22 -1.1e-16    -2.22
   -0.18    -0.90    -0.59     0.62
   -0.76    -1.19    -1.19     0.90
    0.18    -0.68    -1.03     0.45
    0.45    -1.18     0.18    -0.26

width of the matrix in file "./Matrices/twi2": 12
     A        C        G        T  
   -0.75 9.44e-02    -1.03     0.64
   -0.82    -0.35     0.99    -0.45
   -0.35     0.30     0.26    -0.14
   -0.11     0.32 3.85e-02    -0.19
   -0.25     0.41     0.10    -0.21
    0.20     0.21 3.85e-02    -0.51
    0.33     0.66    -0.43    -1.57
   -2.58     1.57    -4.62    -3.15
    1.18    -4.62    -2.82    -3.15
   -4.62 9.44e-02    -1.84     0.91
    0.70    -0.10 4.83e-02    -4.62
   -3.15    -1.84    -4.62     1.16

width of the matrix in file "/Users/hebin/Documents/tfbs/OptimalPatserMatrices/Antp": 12
     A        C        G        T  
    0.97    -2.82    -1.36    -0.75
    0.14    -0.44    -1.58     0.48
    0.70    -2.22    -2.22     0.15
    0.64    -0.79    -1.36 -3.4e-02
    1.06    -4.61    -2.81    -0.89
   -2.22    -2.82    -4.62     1.16
    0.75     0.14    -0.59    -2.58
    0.97    -0.10    -2.82    -3.15
   -0.83    -2.23    -2.23     1.01
    1.14    -1.58    -4.62    -2.59
    0.90    -2.82    -2.22    -0.26
   -1.73    -2.21    -1.83     1.09
   
width of the matrix in file "/Users/hebin/Documents/tfbs/OptimalPatserMatrices/Deaf1": 12
     A        C        G        T  
   -0.26 9.44e-02     0.74    -0.82
   -2.58     0.93     0.58    -0.99
   -2.57     1.56    -2.21    -4.61
   -2.21     1.55    -2.21    -4.61
   -0.68    -1.36     1.37    -3.15
    0.89    -0.42    -0.78    -1.94
    0.77     0.47    -2.22    -3.15
   -1.29    -2.82     0.97     0.23
   -0.45     1.16    -0.35    -2.22
   -0.90    -2.82     1.25    -0.56
   -0.91     0.96    -0.23    -0.41
   -1.74    -0.90    -2.22     1.04
   
width of the matrix in file "/Users/hebin/Documents/tfbs/OptimalPatserMatrices/Dfd": 5
     A        C        G        T  
    0.88     0.22    -2.82    -3.15
    0.95    -4.62    -4.62    -0.31
   -4.61    -4.61    -4.61     1.20
   -2.58    -0.35    -0.79     0.91
    1.19    -2.81    -4.61    -4.61
    
width of the matrix in file "/Users/hebin/Documents/tfbs/OptimalPatserMatrices/Kr": 10
     A        C        G        T  
   -0.67     0.19    -1.83     0.65
    0.85    -0.21    -0.89    -1.73
    1.13    -1.17    -4.61    -4.61
   -4.62     1.31    -1.36    -0.40
   -4.62     1.40    -4.62    -0.50
   -4.62     1.60    -4.62    -4.62
   -2.22    -0.68    -0.16     0.84
   -3.15    -4.62    -1.03     1.11
   -4.61    -4.61    -4.61     1.20
   -3.15     0.26    -0.22     0.64
   
width of the matrix in file "/Users/hebin/Documents/tfbs/OptimalPatserMatrices/Mad": 11
     A        C        G        T  
   -3.14     1.50    -1.35    -1.94
   -4.62     0.66    -1.57     0.64
   -4.61    -4.61     1.47    -0.89
   -1.42 9.44e-02     1.02    -0.68
-9.9e-03     0.98    -1.58    -0.83
   -3.15    -4.62     1.56    -2.22
   -1.18     0.26    -0.10     0.45
   -1.29     1.26    -0.43    -1.29
   -1.95 -5.1e-02     1.11    -0.62
   -1.07     1.48    -2.81    -4.61
   -1.57    -1.18     1.14    -0.18

width of the matrix in file "/Users/hebin/Documents/tfbs/OptimalPatserMatrices/Trl": 12
     A        C        G        T  
    0.12    -0.79     1.01    -2.58
    0.95 -1.1e-16    -2.22    -4.62
   -0.56    -4.62     1.42    -4.62
    0.61 5.83e-02    -1.02    -0.61
   -0.89    -0.67     1.12    -0.61
    0.75    -0.16    -0.10    -3.15
   -0.39    -1.35     1.31    -4.61
    0.91    -0.22    -4.62    -1.18
   -0.62    -4.62     1.42    -3.15
    0.70     0.47    -1.57    -2.22
   -0.26    -2.82     1.31    -3.15
    0.30     0.75    -1.19    -1.00

width of the matrix in file "/Users/hebin/Documents/tfbs/OptimalPatserMatrices/Ubx": 12
     A        C        G        T  
    0.67    -1.03    -2.82 9.44e-02
    1.03    -4.61    -4.61    -0.67
   -0.44    -2.21    -4.61     0.96
   -1.42    -4.62    -0.35     0.96
    0.58    -2.22    -1.18     0.23
   -1.18    -0.35    -0.59     0.78
   -1.29    -0.68 4.83e-02     0.70
    0.86    -2.82    -0.28    -0.82
   -1.29    -1.36    -4.62     1.06
   -0.40    -2.82    -0.68     0.83
    0.35    -2.83    -2.83     0.61
    0.34    -0.27    -2.81     0.32

width of the matrix in file "/Users/hebin/Documents/tfbs/OptimalPatserMatrices/abd-A": 6
     A        C        G        T  
    0.90    -4.62    -2.22    -0.22
    0.21    -4.62    -1.18     0.64
   -1.73    -4.61    -2.81     1.13
   -4.61    -4.61    -2.21     1.18
    0.94    -2.82    -2.82    -0.35
   -0.81    -2.21    -2.81     1.02

width of the matrix in file "/Users/hebin/Documents/tfbs/OptimalPatserMatrices/ap": 7
     A        C        G        T  
   -2.57    -0.34     0.48     0.54
    1.05    -2.82    -1.84    -1.08
   -3.15    -0.10    -4.62     0.99
    0.18    -2.22    -0.28     0.45
    1.00    -2.82    -2.22    -0.68
   -3.15    -4.62    -4.62     1.19
   -4.62    -4.62    -2.82     1.19

width of the matrix in file "/Users/hebin/Documents/tfbs/OptimalPatserMatrices/bcd": 7
     A        C        G        T  
   -0.35    -1.84     1.12    -0.75
   -4.61    -4.61     1.60    -4.61
    0.74     0.61    -4.62    -4.62
   -4.61    -4.61    -4.61     1.20
   -2.23    -0.11    -2.83     0.95
    0.96    -2.82    -1.84    -0.56
    0.30    -1.56     0.62    -0.49

width of the matrix in file "/Users/hebin/Documents/tfbs/OptimalPatserMatrices/br-Z1": 9
     A        C        G        T  
   -3.15    -4.62    -2.22     1.17
    0.75    -4.62    -2.82     0.15
   -4.61    -4.61    -2.21     1.18
   -3.15    -2.82     0.47     0.78
    0.29    -1.03     0.40    -0.26
    0.31    -1.03    -2.82     0.53
3.25e-02    -1.03    -1.57     0.65
    0.51    -0.79    -0.90 9.44e-02
   -3.15    -4.62    -0.28     1.02

width of the matrix in file "/Users/hebin/Documents/tfbs/OptimalPatserMatrices/br-Z2": 7
     A        C        G        T  
   -0.26    -4.62    -4.62     0.94
    1.06    -2.22    -2.22    -1.18
   -2.58    -1.57     0.22     0.83
   -1.95    -2.82    -0.35     0.99
    0.38    -2.22    -0.59     0.36
    0.52    -1.85    -1.85     0.37
   -3.14    -4.61    -4.61     1.19

width of the matrix in file "/Users/hebin/Documents/tfbs/OptimalPatserMatrices/br-Z3": 10
     A        C        G        T  
    0.21    -1.03    -0.79     0.45
    0.29    -0.43    -2.82     0.42
   -0.68    -4.62    -1.84     1.00
    0.10    -4.61    -1.83     0.75
   -0.46    -2.23     1.33    -2.23
   -1.96    -2.23    -4.62     1.14
   -0.11    -0.69    -1.85     0.69
   -4.61    -4.61    -1.83     1.17
    0.58    -1.57    -0.22    -0.14
   -1.74     0.64    -2.22     0.60

width of the matrix in file "/Users/hebin/Documents/tfbs/OptimalPatserMatrices/brk": 8
     A        C        G        T  
    0.56    -1.03     0.61    -2.22
   -0.90    -2.22     1.30    -0.90
-3.4e-02     1.12    -2.22    -1.42
   -4.61    -2.21     1.58    -4.61
   -1.30     1.38    -2.83    -1.00
   -4.61     1.60    -4.61    -4.61
    0.29    -2.22     0.91    -1.29
   -3.15 4.83e-02     1.27    -1.57

width of the matrix in file "/Users/hebin/Documents/tfbs/OptimalPatserMatrices/cad": 8
     A        C        G        T  
    1.08    -2.82    -0.79    -3.15
    1.10    -0.90    -4.62    -3.15
    1.05    -2.22    -0.79    -2.22
    0.78    -4.61    -1.83 4.24e-02
    1.13    -4.61    -1.35    -3.14
   -3.15    -1.18    -2.82     1.11
   -4.62    -1.84    -0.79     1.07
   -2.59    -1.58     0.82     0.48

width of the matrix in file "/Users/hebin/Documents/tfbs/OptimalPatserMatrices/dl": 10
     A        C        G        T  
   -1.29     0.58    -0.43     0.36
   -3.15    -0.90     1.43    -1.42
   -1.29    -1.18     1.01 3.25e-02
    0.91    -1.35 9.95e-03    -4.61
    0.12    -0.68    -2.82     0.60
   -4.62    -4.62    -4.62     1.20
   -4.62    -4.62    -4.62     1.20
   -4.62    -0.10    -2.82     0.99
   -4.62     1.22    -1.36    -0.10
   -2.22     1.22    -0.68    -0.45

width of the matrix in file "/Users/hebin/Documents/tfbs/OptimalPatserMatrices/en": 7
     A        C        G        T  
    1.19    -2.82    -4.62    -4.62
    1.08    -2.82    -4.62    -1.08
   -2.22    -4.62    -2.22     1.15
-9.4e-02    -0.89    -0.49     0.56
    1.00    -2.22    -1.57    -0.90
    0.59    -1.37    -0.29    -0.15
    0.36 -5.1e-02    -2.82     0.21

width of the matrix in file "/Users/hebin/Documents/tfbs/OptimalPatserMatrices/eve": 7
     A        C        G        T  
    0.52     0.54    -4.61    -0.67
    1.05    -0.59    -4.62    -2.22
    1.16    -2.82    -4.62    -2.22
   -2.21    -4.61    -4.61     1.17
9.44e-02     0.22    -1.57     0.23
    1.00    -2.83    -0.29    -2.59
    0.42    -2.22    -4.62     0.55

width of the matrix in file "/Users/hebin/Documents/tfbs/OptimalPatserMatrices/hb": 9
     A        C        G        T  
9.95e-03     0.88    -0.34    -1.41
    0.47    -0.68 4.83e-02    -0.35
   -0.40     0.18    -1.03     0.49
    1.20    -4.62    -4.62    -4.62
    1.20    -4.61    -4.61    -4.61
    1.12    -4.62    -2.82    -1.57
    1.10    -2.82    -0.90    -4.62
    1.20    -4.62    -4.62    -4.62
    0.65    -0.50    -0.59    -0.45

width of the matrix in file "/Users/hebin/Documents/tfbs/OptimalPatserMatrices/kni": 6
     A        C        G        T  
-3.4e-02     1.25    -4.62    -3.15
    0.80    -1.84    -0.22    -0.75
    0.67    -4.62    -1.57     0.21
    1.20    -4.62    -4.62    -4.62
    1.17    -4.62    -2.22    -3.15
    1.15    -2.82    -4.62    -1.95

width of the matrix in file "/Users/hebin/Documents/tfbs/OptimalPatserMatrices/ovo": 11
     A        C        G        T  
   -1.95     1.51    -2.82    -1.95
   -0.50     0.74    -1.84     0.21
   -4.62    -2.82     1.59    -4.62
   -4.61    -4.61    -1.83     1.17
   -1.95    -4.62    -0.68     1.05
    1.03    -0.91    -0.91    -4.62
   -0.56     1.31    -0.90    -4.62
    0.31    -2.82    -1.57     0.58
   -1.29    -1.18    -0.10     0.81
   -0.90     0.22    -0.43     0.51
   -0.50    -1.84    -0.16     0.72

width of the matrix in file "/Users/hebin/Documents/tfbs/OptimalPatserMatrices/pan": 7
     A        C        G        T  
    0.73     0.39    -1.58    -1.96
    1.15    -1.84    -4.62    -2.58
    1.17    -1.84    -4.62    -4.62
    1.08    -1.36    -2.22    -1.95
    0.80     0.14    -1.84    -1.42
   -3.15     0.74     0.14     0.12
    1.20    -4.61    -4.61    -4.61

width of the matrix in file "/Users/hebin/Documents/tfbs/OptimalPatserMatrices/prd": 6
     A        C        G        T  
    0.96    -1.17    -0.42    -2.57
    1.03    -0.44    -2.83    -2.59
    1.18    -2.82    -4.62    -3.15
   -3.15     1.29    -0.79    -0.56
   -3.14     0.82    -1.83     0.52
   -1.57    -1.84     1.51    -4.62

width of the matrix in file "/Users/hebin/Documents/tfbs/OptimalPatserMatrices/slbo": 8
     A        C        G        T  
   -0.31    -2.82     1.09    -0.56
   -1.08     1.19    -4.62    -0.22
    1.04    -0.60    -2.23    -2.59
    0.51 -5.1e-02    -2.82     0.00
3.25e-02    -2.82    -2.82     0.80
   -0.40     1.12    -1.57    -0.75
    1.19    -4.62    -2.82    -4.62
    0.75    -4.61     0.59    -4.61

width of the matrix in file "/Users/hebin/Documents/tfbs/OptimalPatserMatrices/tin": 10
     A        C        G        T  
   -3.15    -0.22     0.47     0.53
   -4.62     1.30 -1.1e-16    -1.57
   -2.58    -0.79    -2.22     1.06
   -4.62     1.34    -2.82    -0.31
    1.19    -4.61    -4.61    -3.14
    1.16    -2.22    -2.82    -3.15
   -4.62    -2.82     1.58    -3.15
   -4.62    -2.82 9.44e-02     0.94
   -4.61    -4.61     1.54    -1.56
   -2.22     0.53     1.12    -3.15

width of the matrix in file "/Users/hebin/Documents/tfbs/OptimalPatserMatrices/tll": 10
     A        C        G        T  
    0.84    -0.16    -2.82    -0.90
    0.94    -0.91    -1.58    -1.00
    1.04    -2.82    -0.50    -2.58
    0.74    -2.82     0.56    -3.15
    0.83    -2.82 -1.1e-16    -1.08
   -1.73    -4.61     1.44    -1.07
   -0.11    -2.83    -2.23     0.85
   -0.35     0.66    -4.62     0.29
    1.08    -1.17    -1.35    -4.61
    0.87    -1.85    -0.44    -0.91

width of the matrix in file "/Users/hebin/Documents/tfbs/OptimalPatserMatrices/twi": 9
     A        C        G        T  
    0.72     0.14    -2.82    -0.75
    0.81    -2.82     0.40    -3.15
   -4.61     1.59    -2.81    -4.61
    1.17    -2.83    -2.83    -3.16
   -2.58     0.85    -2.82     0.51
    1.01    -4.62    -0.22    -3.15
   -4.62    -2.82    -2.82     1.18
   -3.15    -4.62     1.39    -0.50
   -1.74     0.64    -1.57     0.56

width of the matrix in file "/Users/hebin/Documents/tfbs/OptimalPatserMatrices/vvl": 8
     A        C        G        T  
   -0.39    -2.81    -1.35     0.89
   -1.57    -1.18     0.18     0.75
   -0.68    -1.84    -2.82     0.99
   -2.22    -2.22     0.43     0.75
    0.55     0.70    -1.85    -1.96
    1.20    -4.61    -4.61    -4.61
   -2.59    -1.58    -2.83     1.13
    0.36    -1.57    -0.35     0.26

width of the matrix in file "/Users/hebin/Documents/tfbs/OptimalPatserMatrices/z": 6
     A        C        G        T  
   -0.45    -0.16    -2.22     0.72
   -4.61    -4.61     1.59    -3.14
    1.14    -2.83    -2.83    -1.96
   -2.58    -4.62     1.58    -4.62
   -0.67     0.15    -4.61     0.71
   -3.14    -0.49     1.44    -2.57

width of the matrix in file "/Users/hebin/Documents/tfbs/OptimalPatserMatrices/zen": 11
     A        C        G        T  
   -0.17    -2.81    -1.35     0.82
   -4.61    -4.61    -1.02     1.12
   -0.10    -1.36    -1.36     0.74
    1.17    -4.62    -2.22    -3.15
   -3.14    -1.83    -4.61     1.16
   -4.61    -2.81    -2.81     1.18
   -0.18    -2.82     0.33     0.42
-3.4e-02    -0.35    -2.82     0.62
   -0.22     0.14    -1.18     0.45
    1.02    -1.03    -1.84    -1.57
   -0.35    -4.62    -1.18     0.88
